Supermarket: 
0 0 0 0 0 0 0 3 7 15 27 41 52 57 57 57 64 71 67 49 27 0 0 0
0 0 0 0 0 0 0 13 24 41 58 68 68 61 57 65 78 81 67 42 21 0 0 0
0 0 0 0 0 0 0 8 17 28 41 55 60 54 52 72 99 100 70 33 9 0 0 0
0 0 0 0 0 0 0 3 10 22 37 49 55 60 69 78 82 72 54 34 19 0 0 0
0 0 0 0 0 0 0 7 14 21 29 37 43 47 48 50 57 67 67 49 25 0 0 0
0 0 0 0 0 0 0 11 22 36 54 72 85 92 91 85 83 79 63 35 0 0 0 0
0 0 0 0 0 0 0 9 26 44 52 51 56 65 73 75 69 57 44 32 0 0 0 0
Bank: 
0 0 0 0 0 0 0 0 0 0 45 75 100 100 85 55 0 0 0 0 0 0 0 0
0 0 0 0 0 0 0 0 0 0 70 55 35 50 85 75 0 0 0 0 0 0 0 0
0 0 0 0 0 0 0 0 0 0 45 80 95 85 70 60 0 0 0 0 0 0 0 0
0 0 0 0 0 0 0 0 0 0 70 85 90 75 70 85 0 0 0 0 0 0 0 0
0 0 0 0 0 0 0 0 0 0 35 60 75 80 85 75 0 0 0 0 0 0 0 0
0 0 0 0 0 0 0 0 0 0 0 0 0 0 0 0 0 0 0 0 0 0 0 0
0 0 0 0 0 0 0 0 0 0 0 0 0 0 0 0 0 0 0 0 0 0 0 0
Pharmacy: 
0 0 0 0 0 0 0 0 44 48 44 42 50 61 73 76 71 57 42 25 13 5 0 0
0 0 0 0 0 0 0 0 30 50 67 75 75 69 69 75 80 75 59 36 17 5 0 0
0 0 0 0 0 0 0 0 11 23 36 50 59 71 88 100 96 82 82 75 44 13 0 0
0 0 0 0 0 0 0 0 3 13 21 30 46 61 67 65 63 65 59 44 25 9 0 0
0 0 0 0 0 0 0 0 13 32 57 80 92 88 84 86 92 94 80 57 32 15 0 0
0 0 0 0 0 0 0 0 25 46 69 86 92 88 84 78 69 51 30 13 3 1 0 0
0 0 0 0 0 0 0 0 17 28 44 59 75 82 82 73 59 42 28 15 7 1 0 0
